53 61 59
36 48 57
66 48 37
81 82 87
55 48 46
97 77 52
71 81 87
63 52 62
68 76 80
55 50 43
99 83 67
42 48 57
68 62 34
70 66 63
97 96 105
86 67 51
65 62 77
28 32 32
44 46 41
51 52 55
47 53 43
34 43 46
44 59 66
106 96 116
67 54 39
53 73 77
81 72 48
90 68 48
71 79 76
50 42 34
31 28 32
85 91 91
35 53 64
44 38 25
37 27 18
53 54 58
45 50 56
67 59 44
51 47 51
55 45 49
53 47 39
78 66 43
47 61 65
17 18 22
133 129 115
94 90 81
56 48 54
25 27 26
45 25 25
28 39 47
35 31 30
33 46 51
67 60 47
64 52 43
65 71 77
41 43 34
55 60 50
55 56 60
57 39 28
65 71 62
62 67 42
23 26 17
43 57 42
64 48 24
44 31 26
63 48 37
59 73 78
58 56 60
43 49 55
61 61 61
86 88 66
59 64 58
81 81 83
62 65 61
56 55 46
85 79 73
80 70 60
80 41 54
49 43 45
77 77 79
66 75 58
79 55 48
109 74 59
27 35 26
45 45 37
77 89 94
83 72 68
77 79 51
44 36 33
68 71 77
59 67 74
42 78 91
52 64 67
55 57 65
38 50 56
44 51 52
28 42 47
98 84 83
74 102 112
47 47 49
39 33 35
19 27 33
35 34 43
47 33 33
40 42 32
25 36 29
78 78 65
35 27 22
